name,vec_mean,vec1,vec2,vec3,vec4,vec5,vec6,vec7,vec8,vec9,vec10
mLtrDdJ5shbAIlgizgPV,"[-0.11621724  0.0253397  -0.00111823 -0.12444062 -0.14701849 -0.12283664
 -0.00313789 -0.12061752  0.11091109 -0.10574311  0.18620476  0.01005051
 -0.24898893 -0.09976109 -0.01722461  0.05686189 -0.12563612 -0.16978256
 -0.1086728  -0.08452141  0.05751171  0.01186777  0.00144914  0.12908126
 -0.10613663 -0.29442444 -0.1299797  -0.04329911  0.08458702 -0.05926598
  0.04665774  0.08185789 -0.20315075 -0.07995932  0.01803208  0.01343393
 -0.06633396 -0.10014483  0.21889192  0.01562783 -0.17696378  0.03187585
  0.03742535  0.28090203  0.2019628   0.03287446  0.07029779 -0.07710207
  0.12966871 -0.32213479  0.06651491  0.24377748  0.10087752 -0.00993022
  0.07884017 -0.11796744  0.08434851  0.16168717 -0.32988784  0.12572314
  0.05048055 -0.12135925 -0.07597359 -0.03196302  0.14103913  0.09829219
 -0.1319264  -0.17686331  0.23910274 -0.24403912 -0.07062939  0.11166451
 -0.11106499 -0.24080253 -0.28077972  0.07931015  0.38084501  0.24667373
 -0.11004575  0.1235892  -0.10506616 -0.03962053  0.03079082  0.05851407
 -0.07603867 -0.10938653 -0.14125544  0.07943843  0.16820702  0.0220278
 -0.03736304  0.30506495  0.10153259 -0.02866231  0.03083259  0.09962843
 -0.13034873 -0.02591591 -0.10075854  0.04170732  0.08912465 -0.0438518
  0.01001073  0.10986176 -0.1375159   0.20496128 -0.07082717 -0.06074052
 -0.08710853 -0.12934966 -0.09393118 -0.01092216  0.06800973 -0.27313799
  0.20708351  0.17920941  0.1065352   0.13547218  0.06645665 -0.05165232
  0.08534262 -0.13597031 -0.16119792 -0.13573638  0.05348579 -0.08367246
  0.0411297   0.03590416]","[-0.11621724  0.0253397  -0.00111823 -0.12444062 -0.14701849 -0.12283664
 -0.00313789 -0.12061752  0.11091109 -0.10574311  0.18620476  0.01005051
 -0.24898893 -0.09976109 -0.01722461  0.05686189 -0.12563612 -0.16978256
 -0.1086728  -0.08452141  0.05751171  0.01186777  0.00144914  0.12908126
 -0.10613663 -0.29442444 -0.1299797  -0.04329911  0.08458702 -0.05926598
  0.04665774  0.08185789 -0.20315075 -0.07995932  0.01803208  0.01343393
 -0.06633396 -0.10014483  0.21889192  0.01562783 -0.17696378  0.03187585
  0.03742535  0.28090203  0.2019628   0.03287446  0.07029779 -0.07710207
  0.12966871 -0.32213479  0.06651491  0.24377748  0.10087752 -0.00993022
  0.07884017 -0.11796744  0.08434851  0.16168717 -0.32988784  0.12572314
  0.05048055 -0.12135925 -0.07597359 -0.03196302  0.14103913  0.09829219
 -0.1319264  -0.17686331  0.23910274 -0.24403912 -0.07062939  0.11166451
 -0.11106499 -0.24080253 -0.28077972  0.07931015  0.38084501  0.24667373
 -0.11004575  0.1235892  -0.10506616 -0.03962053  0.03079082  0.05851407
 -0.07603867 -0.10938653 -0.14125544  0.07943843  0.16820702  0.0220278
 -0.03736304  0.30506495  0.10153259 -0.02866231  0.03083259  0.09962843
 -0.13034873 -0.02591591 -0.10075854  0.04170732  0.08912465 -0.0438518
  0.01001073  0.10986176 -0.1375159   0.20496128 -0.07082717 -0.06074052
 -0.08710853 -0.12934966 -0.09393118 -0.01092216  0.06800973 -0.27313799
  0.20708351  0.17920941  0.1065352   0.13547218  0.06645665 -0.05165232
  0.08534262 -0.13597031 -0.16119792 -0.13573638  0.05348579 -0.08367246
  0.0411297   0.03590416]",None,None,None,None,None,None,None,None,None
flagin,"[-0.16373118  0.07866181  0.07792585 -0.11729418 -0.13426787 -0.05276555
 -0.02433694 -0.05654681  0.0865756  -0.00699341  0.14733591 -0.01822399
 -0.27727374 -0.01154214  0.06208068  0.15206772 -0.10662609 -0.17836745
 -0.07722716 -0.12576076  0.02603498  0.03339109 -0.01333382  0.11166273
 -0.13489118 -0.27541858 -0.11052815 -0.05070929  0.04789879 -0.0770029
  0.00568124  0.02901262 -0.19890997 -0.05467869  0.06779898  0.07327787
 -0.04381515 -0.07613471  0.20890206  0.04170386 -0.17958123 -0.00371
  0.07079061  0.26631032  0.13353076  0.03817456  0.09782025 -0.02135206
  0.08752976 -0.26502543  0.15662224  0.15078224  0.14710116  0.05919085
  0.03367629 -0.17900995  0.03343982  0.18703766 -0.22281174  0.19061789
  0.11117812 -0.17641316 -0.07540479 -0.05605645  0.2012019   0.14328655
 -0.12551317 -0.19543158  0.14871309 -0.12363037 -0.1232196   0.06837514
 -0.13826079 -0.12367097 -0.37374165  0.08362785  0.36604618  0.12545387
 -0.20459486  0.02703477 -0.0409408   0.05969236  0.03743468  0.09391952
 -0.13237158 -0.02868127 -0.0979975   0.05169839  0.20324433  0.01399257
 -0.07897527  0.2049362   0.05085883  0.07369839  0.02816203  0.1117308
 -0.05490091 -0.10773044 -0.06566265  0.0026589   0.04805538 -0.07135687
  0.00569245  0.13377655 -0.1904972   0.17036186 -0.02760627 -0.01661268
 -0.10882336  0.05440203 -0.10516788 -0.03072358  0.11004569 -0.25420103
  0.21373159  0.24959505  0.01296678  0.08982904  0.07915611  0.02775431
  0.03957851 -0.03516936 -0.11273446 -0.08894887  0.10495491 -0.01947046
  0.07716769  0.11176385]","[-0.14507146  0.09307598  0.10418549 -0.10840121 -0.13898447 -0.03757288
 -0.08206394 -0.08575451  0.0400428  -0.05942404  0.17843162 -0.004237
 -0.31277603 -0.02113131  0.08728854  0.10164516 -0.06076317 -0.20035501
 -0.08443491 -0.08871493  0.00752058  0.04162516 -0.00314816  0.12951986
 -0.11905919 -0.25691122 -0.09288628  0.00660433  0.03882502 -0.09565344
 -0.00407898 -0.0071924  -0.2032634   0.00498583  0.03437087  0.12982751
 -0.04440738 -0.11184774  0.20390883  0.0047172  -0.21540524 -0.01904024
  0.05910787  0.22498837  0.10615452  0.04116934  0.08806512  0.015744
  0.10942949 -0.25593597  0.15538317  0.16351527  0.13687256  0.04882682
  0.00924348 -0.23163992 -0.01071188  0.2210775  -0.16986659  0.17177412
  0.03996386 -0.19591436 -0.05180008 -0.07236709  0.22107215  0.16837654
 -0.14926782 -0.19751364  0.16042092 -0.13913134 -0.13751343  0.12740414
 -0.12478247 -0.09406092 -0.30867204  0.07425469  0.36524594  0.06762053
 -0.20132601  0.01071411 -0.02937722  0.01927204 -0.02441206  0.13657004
 -0.08216473 -0.0150319  -0.12861009  0.03058097  0.26121262  0.02046051
 -0.05112047  0.22778684  0.06779914  0.09641231  0.03297923  0.11682463
 -0.05149595 -0.10612845 -0.03668228  0.02040173  0.02581593 -0.09190527
 -0.03571552  0.10370526 -0.16697532  0.18851307  0.00422091  0.01450288
 -0.05751544  0.07118697 -0.06854595 -0.07015654  0.09924342 -0.30221072
  0.22137742  0.21607317  0.04758796  0.10893144  0.06414293  0.07578602
  0.08119939 -0.05115724 -0.11099923 -0.14184535  0.06954531 -0.03749897
  0.05662259  0.1247128 ]","[-0.16527307  0.05944302  0.06835667 -0.12306168 -0.13038447 -0.05964309
 -0.01647346 -0.06374609  0.09422167 -0.01198852  0.1486358  -0.010515
 -0.26878929 -0.01368439  0.08331043  0.17415643 -0.10869396 -0.18360874
 -0.07140907 -0.14466231  0.02268638  0.0304512   0.00417038  0.11715238
 -0.15791148 -0.27855682 -0.13706906 -0.0615333   0.04849848 -0.05488903
 -0.00063579  0.05465385 -0.20083621 -0.05616415  0.08766119  0.05523408
 -0.03374217 -0.05760559  0.21784385  0.07513325 -0.1896639  -0.00928574
  0.06929576  0.25617814  0.13176465  0.04758357  0.1233692  -0.03323067
  0.07326527 -0.26748064  0.19576058  0.15368024  0.14459594  0.05530811
  0.02451518 -0.18468623  0.03272511  0.1919446  -0.21204984  0.2072659
  0.14167364 -0.16804504 -0.08276342 -0.02561828  0.19657634  0.16256949
 -0.12025248 -0.1951472   0.16315997 -0.10567909 -0.13013634  0.04924268
 -0.16835889 -0.1418785  -0.3955394   0.10655931  0.36301479  0.12960351
 -0.20020603  0.02566983 -0.03197599  0.09086579  0.05409505  0.09909809
 -0.16338822 -0.0354359  -0.07988074  0.0631671   0.2023453   0.01428153
 -0.08793041  0.21693867  0.04208381  0.08955528  0.03455698  0.12600946
 -0.03723787 -0.1199598  -0.07972795 -0.00121029  0.06141081 -0.05217966
  0.01101116  0.15697256 -0.20085594  0.16216767 -0.04764965 -0.03632342
 -0.13074155  0.06428488 -0.11203523 -0.03587365  0.09597698 -0.21348912
  0.21460131  0.27242419  0.01335546  0.08676799  0.10524027  0.02497883
  0.05060317 -0.04305797 -0.11713232 -0.06622878  0.14205059 -0.01286262
  0.06834655  0.11137705]","[-0.16129127  0.14053145  0.09556078 -0.06276394 -0.16668467 -0.07201239
 -0.0477193  -0.08699925  0.04220692  0.01496425  0.16120389 -0.07950416
 -0.28902712  0.00877138  0.0350664   0.14271326 -0.07696943 -0.18369353
 -0.08653061 -0.07337814 -0.00111718  0.00295683 -0.01376628  0.14980778
 -0.06939008 -0.31035197 -0.05933455 -0.05334762  0.04397129 -0.11443359
  0.00891514 -0.01369257 -0.17843449 -0.07042824  0.04457957  0.05891497
 -0.06565554 -0.10334063  0.24962053 -0.05144404 -0.17602925  0.00846329
  0.05274625  0.293558    0.1232276   0.00663863  0.10183808 -0.02063598
  0.06344558 -0.27217552  0.10822934  0.13375773  0.13409761  0.04763593
  0.04058834 -0.20315185  0.01927276  0.18545248 -0.23612651  0.16178793
  0.06779554 -0.14931279 -0.04416569 -0.08584046  0.25535041  0.14835538
 -0.1226192  -0.19914189  0.1105667  -0.15042174 -0.10125425  0.07175229
 -0.10204263 -0.09669946 -0.39304906  0.03817552  0.36280334  0.0977115
 -0.25558338 -0.00727452 -0.06643763  0.04337145  0.03107483  0.06230985
 -0.09147151 -0.08143078 -0.13759691  0.01831714  0.18018796  0.00631765
 -0.09367757  0.15474366  0.07139613  0.02704914  0.0244903   0.12415718
 -0.0925439  -0.08742671 -0.0507019   0.04447297  0.0054258  -0.0464716
  0.00177397  0.14309949 -0.20052265  0.15854268 -0.01828828 -0.008283
 -0.08733624  0.07535294 -0.10630751 -0.04801037  0.12529631 -0.31769469
  0.21478769  0.22642222 -0.00250277  0.09613425  0.02018062  0.00664699
  0.0245349   0.00554998 -0.1102818  -0.10022876  0.0626732  -0.01697326
  0.05802859  0.1267398 ]","[-1.43557727e-01  9.92193744e-02  5.34542203e-02 -1.56790718e-01
 -9.06790122e-02 -6.87366724e-02 -5.43389022e-02 -4.25394997e-03
  9.55573171e-02  3.20137665e-02  9.89330858e-02 -4.40870523e-02
 -2.39545777e-01 -1.26922727e-02  6.69974387e-02  1.24255359e-01
 -1.54257685e-01 -1.42235696e-01 -8.56450796e-02 -1.36895582e-01
  5.85470907e-02  5.32050058e-02 -3.94079387e-02  9.99170393e-02
 -1.50222033e-01 -2.56598771e-01 -1.08707868e-01 -5.93196601e-02
  4.59848940e-02 -7.83908814e-02  3.75327952e-02  8.17924738e-05
 -2.19247922e-01 -6.15171865e-02  7.68861100e-02  9.31650400e-02
 -4.86689731e-02 -5.78103960e-02  2.30958357e-01  5.76894954e-02
 -1.55249611e-01  1.29289925e-03  1.00565955e-01  2.93460965e-01
  1.58937410e-01  4.54988144e-02  5.55135533e-02  1.42312124e-02
  1.25798315e-01 -2.09210813e-01  1.03049815e-01  1.67483449e-01
  1.98945999e-01  6.27637878e-02  5.57133034e-02 -1.40005678e-01
  6.95472360e-02  1.84325010e-01 -2.99328446e-01  1.95425808e-01
  9.85081941e-02 -2.31453165e-01 -7.99104646e-02 -6.68594539e-02
  2.01608166e-01  9.99477804e-02 -1.18338957e-01 -2.20707014e-01
  1.64991170e-01 -1.27048820e-01 -8.85581076e-02  1.23094566e-01
 -1.09119453e-01 -1.12117738e-01 -3.78399372e-01  2.00182945e-02
  3.54345798e-01  1.06814101e-01 -1.81645885e-01  4.68420684e-02
 -3.86712700e-02 -8.98676738e-03  3.03669460e-02  7.60076046e-02
 -1.44049093e-01  1.90611631e-02 -7.85188079e-02  8.68484229e-02
  2.19704419e-01  1.60265528e-02 -7.13292733e-02  1.72814190e-01
  4.24341038e-02  6.65540397e-02 -2.10930407e-03  4.13145721e-02
 -5.63934445e-02 -1.04932830e-01 -5.11736572e-02  1.59723461e-02
  2.93987766e-02 -1.35477573e-01  1.96386874e-02  1.02572426e-01
 -2.01671183e-01  1.49181724e-01  1.75482891e-02 -3.24846394e-02
 -1.61584347e-01  5.83485924e-02 -1.45038098e-01 -8.30727816e-03
  1.68455467e-01 -3.04777354e-01  2.07952559e-01  2.42378712e-01
  4.44027223e-03  5.97368479e-02  4.89545874e-02  1.68632977e-02
  9.02634114e-03 -4.36019748e-02 -1.22467980e-01 -8.40169787e-02
  6.12253137e-02 -1.43516585e-02  1.50079191e-01  1.13081664e-01]","[-0.19729492  0.07791418  0.1063492  -0.11238284 -0.16013964  0.0016477
  0.0474565  -0.0131832   0.13026464  0.00944747  0.14427616  0.01638712
 -0.3101677  -0.01040554 -0.04717869  0.12921312 -0.12417436 -0.16097952
 -0.08138847 -0.10954705  0.05593241  0.05047694 -0.0845337   0.03995789
 -0.08579164 -0.26212186 -0.04847921 -0.04265447  0.05981556 -0.13010281
  0.01194138  0.00864708 -0.18506277 -0.08432753  0.01604822  0.10142271
 -0.06689383 -0.12418532  0.10641138 -0.01129442 -0.12122694  0.02232228
  0.07821646  0.30389458  0.15463389  0.0123469   0.01811945 -0.03535425
  0.12276797 -0.31050327  0.06413484  0.12388229  0.13101444  0.09695044
  0.07496588 -0.11286087  0.05922467  0.13276033 -0.23973456  0.15024382
  0.08596686 -0.17081296 -0.08894975 -0.15134966  0.14990482  0.06005198
 -0.13813005 -0.16578574  0.08663921 -0.16767593 -0.13096908  0.04691203
 -0.06660815 -0.10076813 -0.30585653  0.0874055   0.39694688  0.20892102
 -0.20176819  0.06468213 -0.07410104  0.02924573  0.02940723  0.07489743
 -0.05671817 -0.00355019 -0.13784814  0.01370364  0.15636724  0.01172055
 -0.05499847  0.20438762  0.06568089  0.02549399  0.02531286  0.09323314
 -0.10748522 -0.07128708 -0.0537658  -0.05086536  0.0648044  -0.10745881
  0.01047917  0.06974888 -0.1410255   0.22618054 -0.01368933  0.05836801
 -0.01926643 -0.03669432 -0.06644331  0.0293305   0.11753121 -0.29568097
  0.20645997  0.1993604   0.00039869  0.10981914  0.0529256   0.02559821
 -0.01156972 -0.01202506 -0.08519982 -0.143305    0.04089739 -0.04209687
  0.08804621  0.08445486]","[-0.16527306  0.05944305  0.0683566  -0.12306181 -0.13038464 -0.05964315
 -0.01647333 -0.06374607  0.09422177 -0.01198841  0.14863566 -0.01051496
 -0.26878944 -0.01368428  0.0833105   0.17415653 -0.10869405 -0.18360864
 -0.07140907 -0.14466222  0.02268638  0.03045117  0.00417031  0.11715239
 -0.15791154 -0.27855664 -0.13706909 -0.06153324  0.04849847 -0.05488909
 -0.00063584  0.05465394 -0.20083621 -0.05616422  0.08766121  0.05523415
 -0.03374211 -0.05760567  0.21784392  0.07513332 -0.18966405 -0.00928564
  0.06929579  0.2561782   0.13176471  0.04758344  0.1233692  -0.03323071
  0.07326532 -0.26748067  0.19576061  0.15368031  0.14459598  0.05530814
  0.0245151  -0.18468624  0.03272513  0.19194475 -0.21204993  0.20726587
  0.14167374 -0.16804501 -0.0827634  -0.02561828  0.1965763   0.16256946
 -0.12025249 -0.19514717  0.16315994 -0.1056791  -0.1301363   0.04924264
 -0.16835889 -0.14187849 -0.39553961  0.10655933  0.3630147   0.12960355
 -0.20020604  0.02566984 -0.03197602  0.09086576  0.05409503  0.09909818
 -0.16338812 -0.03543595 -0.07988073  0.06316707  0.20234534  0.01428157
 -0.0879303   0.21693872  0.04208384  0.0895552   0.03455704  0.12600955
 -0.03723796 -0.11995979 -0.07972807 -0.00121034  0.0614107  -0.05217972
  0.01101114  0.15697259 -0.20085604  0.16216776 -0.04764958 -0.03632348
 -0.13074155  0.06428479 -0.11203519 -0.03587371  0.09597696 -0.2134891
  0.21460134  0.27242419  0.01335535  0.08676793  0.10524024  0.02497885
  0.05060313 -0.04305799 -0.11713225 -0.06622875  0.14205059 -0.01286267
  0.06834653  0.11137711]","[-0.16527306  0.05944305  0.0683566  -0.12306181 -0.13038464 -0.05964315
 -0.01647333 -0.06374607  0.09422177 -0.01198841  0.14863566 -0.01051496
 -0.26878944 -0.01368428  0.0833105   0.17415653 -0.10869405 -0.18360864
 -0.07140907 -0.14466222  0.02268638  0.03045117  0.00417031  0.11715239
 -0.15791154 -0.27855664 -0.13706909 -0.06153324  0.04849847 -0.05488909
 -0.00063584  0.05465394 -0.20083621 -0.05616422  0.08766121  0.05523415
 -0.03374211 -0.05760567  0.21784392  0.07513332 -0.18966405 -0.00928564
  0.06929579  0.2561782   0.13176471  0.04758344  0.1233692  -0.03323071
  0.07326532 -0.26748067  0.19576061  0.15368031  0.14459598  0.05530814
  0.0245151  -0.18468624  0.03272513  0.19194475 -0.21204993  0.20726587
  0.14167374 -0.16804501 -0.0827634  -0.02561828  0.1965763   0.16256946
 -0.12025249 -0.19514717  0.16315994 -0.1056791  -0.1301363   0.04924264
 -0.16835889 -0.14187849 -0.39553961  0.10655933  0.3630147   0.12960355
 -0.20020604  0.02566984 -0.03197602  0.09086576  0.05409503  0.09909818
 -0.16338812 -0.03543595 -0.07988073  0.06316707  0.20234534  0.01428157
 -0.0879303   0.21693872  0.04208384  0.0895552   0.03455704  0.12600955
 -0.03723796 -0.11995979 -0.07972807 -0.00121034  0.0614107  -0.05217972
  0.01101114  0.15697259 -0.20085604  0.16216776 -0.04764958 -0.03632348
 -0.13074155  0.06428479 -0.11203519 -0.03587371  0.09597696 -0.2134891
  0.21460134  0.27242419  0.01335535  0.08676793  0.10524024  0.02497885
  0.05060313 -0.04305799 -0.11713225 -0.06622875  0.14205059 -0.01286267
  0.06834653  0.11137711]","[-0.16527306  0.05944305  0.0683566  -0.12306181 -0.13038464 -0.05964315
 -0.01647333 -0.06374607  0.09422177 -0.01198841  0.14863566 -0.01051496
 -0.26878944 -0.01368428  0.0833105   0.17415653 -0.10869405 -0.18360864
 -0.07140907 -0.14466222  0.02268638  0.03045117  0.00417031  0.11715239
 -0.15791154 -0.27855664 -0.13706909 -0.06153324  0.04849847 -0.05488909
 -0.00063584  0.05465394 -0.20083621 -0.05616422  0.08766121  0.05523415
 -0.03374211 -0.05760567  0.21784392  0.07513332 -0.18966405 -0.00928564
  0.06929579  0.2561782   0.13176471  0.04758344  0.1233692  -0.03323071
  0.07326532 -0.26748067  0.19576061  0.15368031  0.14459598  0.05530814
  0.0245151  -0.18468624  0.03272513  0.19194475 -0.21204993  0.20726587
  0.14167374 -0.16804501 -0.0827634  -0.02561828  0.1965763   0.16256946
 -0.12025249 -0.19514717  0.16315994 -0.1056791  -0.1301363   0.04924264
 -0.16835889 -0.14187849 -0.39553961  0.10655933  0.3630147   0.12960355
 -0.20020604  0.02566984 -0.03197602  0.09086576  0.05409503  0.09909818
 -0.16338812 -0.03543595 -0.07988073  0.06316707  0.20234534  0.01428157
 -0.0879303   0.21693872  0.04208384  0.0895552   0.03455704  0.12600955
 -0.03723796 -0.11995979 -0.07972807 -0.00121034  0.0614107  -0.05217972
  0.01101114  0.15697259 -0.20085604  0.16216776 -0.04764958 -0.03632348
 -0.13074155  0.06428479 -0.11203519 -0.03587371  0.09597696 -0.2134891
  0.21460134  0.27242419  0.01335535  0.08676793  0.10524024  0.02497885
  0.05060313 -0.04305799 -0.11713225 -0.06622875  0.14205059 -0.01286267
  0.06834653  0.11137711]","[-0.16527306  0.05944305  0.0683566  -0.12306181 -0.13038464 -0.05964315
 -0.01647333 -0.06374607  0.09422177 -0.01198841  0.14863566 -0.01051496
 -0.26878944 -0.01368428  0.0833105   0.17415653 -0.10869405 -0.18360864
 -0.07140907 -0.14466222  0.02268638  0.03045117  0.00417031  0.11715239
 -0.15791154 -0.27855664 -0.13706909 -0.06153324  0.04849847 -0.05488909
 -0.00063584  0.05465394 -0.20083621 -0.05616422  0.08766121  0.05523415
 -0.03374211 -0.05760567  0.21784392  0.07513332 -0.18966405 -0.00928564
  0.06929579  0.2561782   0.13176471  0.04758344  0.1233692  -0.03323071
  0.07326532 -0.26748067  0.19576061  0.15368031  0.14459598  0.05530814
  0.0245151  -0.18468624  0.03272513  0.19194475 -0.21204993  0.20726587
  0.14167374 -0.16804501 -0.0827634  -0.02561828  0.1965763   0.16256946
 -0.12025249 -0.19514717  0.16315994 -0.1056791  -0.1301363   0.04924264
 -0.16835889 -0.14187849 -0.39553961  0.10655933  0.3630147   0.12960355
 -0.20020604  0.02566984 -0.03197602  0.09086576  0.05409503  0.09909818
 -0.16338812 -0.03543595 -0.07988073  0.06316707  0.20234534  0.01428157
 -0.0879303   0.21693872  0.04208384  0.0895552   0.03455704  0.12600955
 -0.03723796 -0.11995979 -0.07972807 -0.00121034  0.0614107  -0.05217972
  0.01101114  0.15697259 -0.20085604  0.16216776 -0.04764958 -0.03632348
 -0.13074155  0.06428479 -0.11203519 -0.03587371  0.09597696 -0.2134891
  0.21460134  0.27242419  0.01335535  0.08676793  0.10524024  0.02497885
  0.05060313 -0.04305799 -0.11713225 -0.06622875  0.14205059 -0.01286267
  0.06834653  0.11137711]",None
OEnK1EVfDly95ifGn6SF,"[-0.03909433  0.09023718  0.06877507 -0.11408558 -0.14801332 -0.02690176
  0.01790083 -0.11033642  0.18596935 -0.2329888   0.15317613 -0.08152121
 -0.26312092  0.09541635 -0.03217559  0.20481411 -0.14653966 -0.18011224
 -0.06450375 -0.11612882  0.00650728  0.00558433 -0.04814029  0.13831371
 -0.10789543 -0.2774483  -0.14367822 -0.00040838 -0.03413038 -0.17123163
  0.01983155  0.09125459 -0.12615371  0.01915461  0.0045362   0.06591948
 -0.07360619 -0.1829159   0.192118    0.08181245 -0.23476434  0.00345889
  0.11127733  0.31951803  0.20207065 -0.0745919   0.00583564 -0.08002171
  0.18116553 -0.313712    0.04029311  0.11774424  0.11559904  0.10751311
  0.07146555 -0.10785457  0.03532734  0.18167025 -0.21242383  0.06664859
  0.10428811 -0.12402778 -0.01726621 -0.07866815  0.19909945  0.1224761
 -0.1715477  -0.1168395   0.2077467  -0.19995618 -0.0882786   0.08463375
 -0.09510597 -0.21700245 -0.23005803  0.05767853  0.38887203  0.23766731
 -0.11534681  0.03138603 -0.04248587 -0.04790185 -0.0136421   0.24388169
 -0.00639863 -0.01435371 -0.04333621  0.0951238   0.20151615 -0.00304323
 -0.02273247  0.32428452  0.03913835 -0.00384195 -0.01880783  0.09547882
 -0.16123669 -0.04243107 -0.15313414 -0.05080578 -0.04970706 -0.026334
 -0.05607415  0.13575909 -0.20783897  0.27535087 -0.0415823  -0.05126731
 -0.0770411  -0.02730329 -0.01289452  0.01652655  0.10494834 -0.29638308
  0.02048577  0.17181207  0.05229277  0.12186794  0.00716164  0.03067392
  0.09009273 -0.15831926 -0.1847834  -0.05706191  0.05460977 -0.05575574
 -0.00909345  0.02412036]","[-0.03909433  0.09023718  0.06877507 -0.11408558 -0.14801332 -0.02690176
  0.01790083 -0.11033642  0.18596935 -0.2329888   0.15317613 -0.08152121
 -0.26312092  0.09541635 -0.03217559  0.20481411 -0.14653966 -0.18011224
 -0.06450375 -0.11612882  0.00650728  0.00558433 -0.04814029  0.13831371
 -0.10789543 -0.2774483  -0.14367822 -0.00040838 -0.03413038 -0.17123163
  0.01983155  0.09125459 -0.12615371  0.01915461  0.0045362   0.06591948
 -0.07360619 -0.1829159   0.192118    0.08181245 -0.23476434  0.00345889
  0.11127733  0.31951803  0.20207065 -0.0745919   0.00583564 -0.08002171
  0.18116553 -0.313712    0.04029311  0.11774424  0.11559904  0.10751311
  0.07146555 -0.10785457  0.03532734  0.18167025 -0.21242383  0.06664859
  0.10428811 -0.12402778 -0.01726621 -0.07866815  0.19909945  0.1224761
 -0.1715477  -0.1168395   0.2077467  -0.19995618 -0.0882786   0.08463375
 -0.09510597 -0.21700245 -0.23005803  0.05767853  0.38887203  0.23766731
 -0.11534681  0.03138603 -0.04248587 -0.04790185 -0.0136421   0.24388169
 -0.00639863 -0.01435371 -0.04333621  0.0951238   0.20151615 -0.00304323
 -0.02273247  0.32428452  0.03913835 -0.00384195 -0.01880783  0.09547882
 -0.16123669 -0.04243107 -0.15313414 -0.05080578 -0.04970706 -0.026334
 -0.05607415  0.13575909 -0.20783897  0.27535087 -0.0415823  -0.05126731
 -0.0770411  -0.02730329 -0.01289452  0.01652655  0.10494834 -0.29638308
  0.02048577  0.17181207  0.05229277  0.12186794  0.00716164  0.03067392
  0.09009273 -0.15831926 -0.1847834  -0.05706191  0.05460977 -0.05575574
 -0.00909345  0.02412036]",None,None,None,None,None,None,None,None,None
5xoxVSfpRPU472Izgyxu,"[-0.08007561  0.1059245   0.1145317   0.01243228 -0.03968802 -0.12528232
 -0.02889297 -0.04871868  0.10198386 -0.04415926  0.25057185 -0.00366668
 -0.14377105 -0.11686914 -0.00396216  0.09976968 -0.12167848 -0.03615358
 -0.07118922 -0.11760712 -0.00036611  0.04262768  0.01123421  0.01887732
 -0.05958308 -0.22235399 -0.07896047 -0.13147244  0.08969977 -0.11431728
  0.00148822  0.03756899 -0.19788074 -0.04805551 -0.05202624  0.05668823
 -0.02646084 -0.03803996  0.18914258  0.01943963 -0.0960174   0.02240597
 -0.01859718  0.2238754   0.22264346 -0.01631299 -0.02398162 -0.01522928
  0.05655196 -0.19986495 -0.01921302  0.18006715  0.09680521  0.07889313
  0.01695752 -0.10839132  0.00944641  0.04780951 -0.15524951  0.02978436
  0.04211834 -0.11288151 -0.08429232 -0.03954122  0.18878782  0.07608108
 -0.07969756 -0.08388729  0.1752336  -0.16544439 -0.02342758  0.10643119
 -0.09071116 -0.11993236 -0.20130336  0.10642288  0.3344802   0.17333767
 -0.1543455   0.03918383 -0.17473486 -0.02971252 -0.0121179   0.00832359
 -0.05822121 -0.0120383  -0.09073308  0.04451443  0.10856932 -0.02072948
  0.04016425  0.21248606 -0.01646773  0.05704511 -0.02061132 -0.06325815
 -0.04124906 -0.02729787 -0.04406534 -0.03336008  0.08625091 -0.16545328
  0.03143974  0.09259751 -0.1763683   0.12017955  0.01349704  0.0015926
  0.0510717   0.06390712 -0.03720628 -0.02233284  0.1850557  -0.18054484
  0.26156887  0.15579586 -0.02820393  0.10357416  0.06715327  0.16303295
 -0.09569452 -0.08305735 -0.10507891 -0.06589048 -0.02930502 -0.01335397
  0.03449038  0.03610271]","[-0.08007561  0.1059245   0.1145317   0.01243228 -0.03968802 -0.12528232
 -0.02889297 -0.04871868  0.10198386 -0.04415926  0.25057185 -0.00366668
 -0.14377105 -0.11686914 -0.00396216  0.09976968 -0.12167848 -0.03615358
 -0.07118922 -0.11760712 -0.00036611  0.04262768  0.01123421  0.01887732
 -0.05958308 -0.22235399 -0.07896047 -0.13147244  0.08969977 -0.11431728
  0.00148822  0.03756899 -0.19788074 -0.04805551 -0.05202624  0.05668823
 -0.02646084 -0.03803996  0.18914258  0.01943963 -0.0960174   0.02240597
 -0.01859718  0.2238754   0.22264346 -0.01631299 -0.02398162 -0.01522928
  0.05655196 -0.19986495 -0.01921302  0.18006715  0.09680521  0.07889313
  0.01695752 -0.10839132  0.00944641  0.04780951 -0.15524951  0.02978436
  0.04211834 -0.11288151 -0.08429232 -0.03954122  0.18878782  0.07608108
 -0.07969756 -0.08388729  0.1752336  -0.16544439 -0.02342758  0.10643119
 -0.09071116 -0.11993236 -0.20130336  0.10642288  0.3344802   0.17333767
 -0.1543455   0.03918383 -0.17473486 -0.02971252 -0.0121179   0.00832359
 -0.05822121 -0.0120383  -0.09073308  0.04451443  0.10856932 -0.02072948
  0.04016425  0.21248606 -0.01646773  0.05704511 -0.02061132 -0.06325815
 -0.04124906 -0.02729787 -0.04406534 -0.03336008  0.08625091 -0.16545328
  0.03143974  0.09259751 -0.1763683   0.12017955  0.01349704  0.0015926
  0.0510717   0.06390712 -0.03720628 -0.02233284  0.1850557  -0.18054484
  0.26156887  0.15579586 -0.02820393  0.10357416  0.06715327  0.16303295
 -0.09569452 -0.08305735 -0.10507891 -0.06589048 -0.02930502 -0.01335397
  0.03449038  0.03610271]",None,None,None,None,None,None,None,None,None
