name,vec_mean,vec1,vec2,vec3,vec4,vec5,vec6,vec7,vec8,vec9,vec10,total_photos,corpus,uploaded_photos
mWn9pHaWoEp7o3GROxJX,"[-0.14168008  0.07187866  0.05445345 -0.12554108 -0.16072632  0.00734543
  0.07208378 -0.07799029  0.12266351 -0.07499721  0.25530416 -0.05689867
 -0.29050803 -0.03314441 -0.06231177  0.15760721 -0.10361413 -0.18268515
 -0.07316976 -0.09905017  0.0805857   0.01317679 -0.00897813  0.09688684
 -0.16348185 -0.26890236 -0.05780812 -0.01867599 -0.02210951 -0.16992123
 -0.03283506  0.16616066 -0.15930094 -0.00798857  0.04889274  0.12437523
 -0.08039427 -0.13854347  0.28604725  0.05896063 -0.16978757  0.00223118
  0.07791717  0.34879118  0.28092912 -0.10225777  0.03245906 -0.07343201
  0.19990009 -0.3476021  -0.00769066  0.2296344   0.0481717   0.03226502
  0.06118733 -0.10500202 -0.02705296  0.16152678 -0.21480569 -0.00495551
  0.03341249 -0.16585654 -0.09310183 -0.17935345  0.17320684  0.08934644
 -0.14898981 -0.15702626  0.27191404 -0.09804273 -0.07145084  0.09844874
 -0.1948583  -0.19289929 -0.22365116  0.10253074  0.34924617  0.14276111
 -0.11187823  0.12670028 -0.1042756  -0.00794563 -0.05035351  0.06544062
 -0.03958638  0.0120632  -0.11855637  0.10986385  0.20312415 -0.05176276
 -0.00178732  0.26035947  0.03597258 -0.03873278  0.09994899  0.10718494
 -0.1300222  -0.03340789 -0.22120152 -0.0254349   0.02581965 -0.14725317
  0.03349038  0.14510465 -0.20331058  0.15077698 -0.08203533 -0.03165603
 -0.11542789 -0.18834749 -0.07332385  0.06309448  0.10453548 -0.30460969
  0.11057105  0.11983825  0.03994878  0.11747509  0.0919854   0.00369703
  0.02577891 -0.08240349 -0.13688841 -0.07238895  0.09516187  0.04131974
  0.01207483  0.02274163]","[-0.14168008  0.07187866  0.05445345 -0.12554108 -0.16072632  0.00734543
  0.07208378 -0.07799029  0.12266351 -0.07499721  0.25530416 -0.05689867
 -0.29050803 -0.03314441 -0.06231177  0.15760721 -0.10361413 -0.18268515
 -0.07316976 -0.09905017  0.0805857   0.01317679 -0.00897813  0.09688684
 -0.16348185 -0.26890236 -0.05780812 -0.01867599 -0.02210951 -0.16992123
 -0.03283506  0.16616066 -0.15930094 -0.00798857  0.04889274  0.12437523
 -0.08039427 -0.13854347  0.28604725  0.05896063 -0.16978757  0.00223118
  0.07791717  0.34879118  0.28092912 -0.10225777  0.03245906 -0.07343201
  0.19990009 -0.3476021  -0.00769066  0.2296344   0.0481717   0.03226502
  0.06118733 -0.10500202 -0.02705296  0.16152678 -0.21480569 -0.00495551
  0.03341249 -0.16585654 -0.09310183 -0.17935345  0.17320684  0.08934644
 -0.14898981 -0.15702626  0.27191404 -0.09804273 -0.07145084  0.09844874
 -0.1948583  -0.19289929 -0.22365116  0.10253074  0.34924617  0.14276111
 -0.11187823  0.12670028 -0.1042756  -0.00794563 -0.05035351  0.06544062
 -0.03958638  0.0120632  -0.11855637  0.10986385  0.20312415 -0.05176276
 -0.00178732  0.26035947  0.03597258 -0.03873278  0.09994899  0.10718494
 -0.1300222  -0.03340789 -0.22120152 -0.0254349   0.02581965 -0.14725317
  0.03349038  0.14510465 -0.20331058  0.15077698 -0.08203533 -0.03165603
 -0.11542789 -0.18834749 -0.07332385  0.06309448  0.10453548 -0.30460969
  0.11057105  0.11983825  0.03994878  0.11747509  0.0919854   0.00369703
  0.02577891 -0.08240349 -0.13688841 -0.07238895  0.09516187  0.04131974
  0.01207483  0.02274163]",None,None,None,None,None,None,None,None,None,1,None,None
rgAfzkjguAOQZXoTnq03,"[-0.09348045  0.10050166  0.04912203 -0.15353689 -0.14374204  0.03638359
 -0.09068634 -0.07206745  0.17311363 -0.15469302  0.18691427 -0.07906966
 -0.28503376 -0.03831486  0.04080168  0.1950593  -0.15771441 -0.18768929
 -0.10008877 -0.06899933 -0.03545495 -0.04077709 -0.07958607  0.0744551
 -0.08165033 -0.35299048 -0.07060499 -0.03801269 -0.03468069 -0.06034797
  0.02912514  0.05623503 -0.14974965 -0.04611288  0.0206108   0.1390897
 -0.12307231 -0.10080887  0.2347748  -0.01334101 -0.1727763   0.01380402
  0.06863669  0.21408086  0.25059405  0.03478937  0.05687355 -0.03325799
  0.21260518 -0.32620063  0.03491533  0.21227467  0.12477285  0.08190528
  0.03170395 -0.16390868  0.01370419  0.22526464 -0.27135932  0.04754065
  0.08849923 -0.16452122 -0.08742923 -0.05822435  0.23705226  0.15914652
 -0.16489036 -0.24816155  0.25738445 -0.13886684 -0.05754458  0.05449662
 -0.14151074 -0.18567975 -0.25924066  0.085157    0.32961136  0.12803689
 -0.12780608  0.02074955 -0.09872428 -0.04975552 -0.06096552  0.07091918
  0.03476803 -0.19132169 -0.10300716 -0.04649756  0.19977161 -0.03154156
  0.03720735  0.22752762  0.0506129  -0.00584114 -0.04474134  0.08504028
 -0.17251562  0.01213227 -0.13674645 -0.01342674 -0.04539594 -0.03659509
  0.00404512  0.08898643 -0.15505107  0.25679469 -0.07059197  0.03412846
 -0.0633501  -0.0536515  -0.08341008 -0.04544247  0.18622479 -0.2597698
  0.12750691  0.16137917  0.08200094  0.14398298  0.12017911  0.08605573
  0.07893681 -0.05392195 -0.26588219 -0.11630375 -0.01675684  0.00861305
 -0.03765933  0.10968099]","[-0.09348045  0.10050166  0.04912203 -0.15353689 -0.14374204  0.03638359
 -0.09068634 -0.07206745  0.17311363 -0.15469302  0.18691427 -0.07906966
 -0.28503376 -0.03831486  0.04080168  0.1950593  -0.15771441 -0.18768929
 -0.10008877 -0.06899933 -0.03545495 -0.04077709 -0.07958607  0.0744551
 -0.08165033 -0.35299048 -0.07060499 -0.03801269 -0.03468069 -0.06034797
  0.02912514  0.05623503 -0.14974965 -0.04611288  0.0206108   0.1390897
 -0.12307231 -0.10080887  0.2347748  -0.01334101 -0.1727763   0.01380402
  0.06863669  0.21408086  0.25059405  0.03478937  0.05687355 -0.03325799
  0.21260518 -0.32620063  0.03491533  0.21227467  0.12477285  0.08190528
  0.03170395 -0.16390868  0.01370419  0.22526464 -0.27135932  0.04754065
  0.08849923 -0.16452122 -0.08742923 -0.05822435  0.23705226  0.15914652
 -0.16489036 -0.24816155  0.25738445 -0.13886684 -0.05754458  0.05449662
 -0.14151074 -0.18567975 -0.25924066  0.085157    0.32961136  0.12803689
 -0.12780608  0.02074955 -0.09872428 -0.04975552 -0.06096552  0.07091918
  0.03476803 -0.19132169 -0.10300716 -0.04649756  0.19977161 -0.03154156
  0.03720735  0.22752762  0.0506129  -0.00584114 -0.04474134  0.08504028
 -0.17251562  0.01213227 -0.13674645 -0.01342674 -0.04539594 -0.03659509
  0.00404512  0.08898643 -0.15505107  0.25679469 -0.07059197  0.03412846
 -0.0633501  -0.0536515  -0.08341008 -0.04544247  0.18622479 -0.2597698
  0.12750691  0.16137917  0.08200094  0.14398298  0.12017911  0.08605573
  0.07893681 -0.05392195 -0.26588219 -0.11630375 -0.01675684  0.00861305
 -0.03765933  0.10968099]",None,None,None,None,None,None,None,None,None,1,None,None
a46fnmyqTY2U0t2y8Js3,"[-9.38646421e-02  2.59294175e-04  6.73701465e-02 -1.60269618e-01
 -9.03348699e-02  1.02037415e-02  3.67671475e-02 -9.78387967e-02
  2.66082555e-01 -2.75421977e-01  9.08520520e-02  3.16366516e-02
 -2.45996326e-01  8.39914456e-02 -3.13185714e-03  1.70729160e-01
 -1.29932776e-01 -1.64880246e-01 -1.97436869e-01 -1.19186789e-01
 -3.71356830e-02  3.94941829e-02 -1.63984001e-02  5.66968061e-02
 -1.51487291e-01 -2.60427505e-01 -9.19558927e-02 -6.99159652e-02
 -4.14027739e-03  2.26956978e-03  4.17932533e-02  6.83495924e-02
 -1.87409744e-01 -2.82377731e-02  6.54541515e-03  5.64174503e-02
 -1.03670508e-01 -1.14808589e-01  2.63299137e-01  5.21521978e-02
 -2.22740754e-01 -4.52999994e-02  3.21586207e-02  2.02034190e-01
  2.19957545e-01 -7.09997192e-02  5.42862937e-02 -6.19735569e-02
  1.42763317e-01 -3.57228249e-01  1.74703486e-02  8.14507902e-02
  1.20807335e-01  1.06516726e-01  9.19880345e-02 -1.57902062e-01
  4.08319756e-02  1.70910701e-01 -2.07951352e-01  1.14709511e-01
  5.20769916e-02 -1.58152372e-01 -6.15427569e-02  1.08378604e-02
  2.17978284e-01  1.22417167e-01 -1.51444569e-01 -1.70445114e-01
  2.76933014e-01 -1.95504069e-01  1.12732518e-02  1.34234577e-01
 -9.89122465e-02 -1.90839261e-01 -2.25443810e-01  8.73012096e-03
  3.89188528e-01  2.07938805e-01 -1.10560887e-01 -3.47561948e-02
 -1.49805456e-01 -1.87670104e-02  1.10238586e-02  1.02708623e-01
 -1.60315521e-02 -8.78523514e-02  1.27123073e-02  4.92829978e-02
  2.56182522e-01 -2.16017757e-03 -7.57312253e-02  2.94143796e-01
  6.36364222e-02 -6.30296543e-02 -4.78075743e-02  4.18648645e-02
 -1.11699007e-01 -7.26461858e-02 -1.28698736e-01 -6.88922312e-03
  1.24912914e-02 -1.84032470e-02  2.36730818e-02  1.46366104e-01
 -1.72191769e-01  2.16356397e-01 -1.05098665e-01 -5.04157171e-02
 -1.18523538e-02  2.90494226e-03 -1.27865300e-01 -4.67813350e-02
  1.84100956e-01 -2.14668304e-01  9.04719308e-02  2.07101732e-01
 -4.10687830e-03  1.05414785e-01  3.99286970e-02  2.68924870e-02
  6.61586747e-02 -2.31646225e-02 -2.13377446e-01 -8.40307847e-02
  6.22576550e-02 -3.04542258e-02  4.12768945e-02  3.82352322e-02]","[-9.38646421e-02  2.59294175e-04  6.73701465e-02 -1.60269618e-01
 -9.03348699e-02  1.02037415e-02  3.67671475e-02 -9.78387967e-02
  2.66082555e-01 -2.75421977e-01  9.08520520e-02  3.16366516e-02
 -2.45996326e-01  8.39914456e-02 -3.13185714e-03  1.70729160e-01
 -1.29932776e-01 -1.64880246e-01 -1.97436869e-01 -1.19186789e-01
 -3.71356830e-02  3.94941829e-02 -1.63984001e-02  5.66968061e-02
 -1.51487291e-01 -2.60427505e-01 -9.19558927e-02 -6.99159652e-02
 -4.14027739e-03  2.26956978e-03  4.17932533e-02  6.83495924e-02
 -1.87409744e-01 -2.82377731e-02  6.54541515e-03  5.64174503e-02
 -1.03670508e-01 -1.14808589e-01  2.63299137e-01  5.21521978e-02
 -2.22740754e-01 -4.52999994e-02  3.21586207e-02  2.02034190e-01
  2.19957545e-01 -7.09997192e-02  5.42862937e-02 -6.19735569e-02
  1.42763317e-01 -3.57228249e-01  1.74703486e-02  8.14507902e-02
  1.20807335e-01  1.06516726e-01  9.19880345e-02 -1.57902062e-01
  4.08319756e-02  1.70910701e-01 -2.07951352e-01  1.14709511e-01
  5.20769916e-02 -1.58152372e-01 -6.15427569e-02  1.08378604e-02
  2.17978284e-01  1.22417167e-01 -1.51444569e-01 -1.70445114e-01
  2.76933014e-01 -1.95504069e-01  1.12732518e-02  1.34234577e-01
 -9.89122465e-02 -1.90839261e-01 -2.25443810e-01  8.73012096e-03
  3.89188528e-01  2.07938805e-01 -1.10560887e-01 -3.47561948e-02
 -1.49805456e-01 -1.87670104e-02  1.10238586e-02  1.02708623e-01
 -1.60315521e-02 -8.78523514e-02  1.27123073e-02  4.92829978e-02
  2.56182522e-01 -2.16017757e-03 -7.57312253e-02  2.94143796e-01
  6.36364222e-02 -6.30296543e-02 -4.78075743e-02  4.18648645e-02
 -1.11699007e-01 -7.26461858e-02 -1.28698736e-01 -6.88922312e-03
  1.24912914e-02 -1.84032470e-02  2.36730818e-02  1.46366104e-01
 -1.72191769e-01  2.16356397e-01 -1.05098665e-01 -5.04157171e-02
 -1.18523538e-02  2.90494226e-03 -1.27865300e-01 -4.67813350e-02
  1.84100956e-01 -2.14668304e-01  9.04719308e-02  2.07101732e-01
 -4.10687830e-03  1.05414785e-01  3.99286970e-02  2.68924870e-02
  6.61586747e-02 -2.31646225e-02 -2.13377446e-01 -8.40307847e-02
  6.22576550e-02 -3.04542258e-02  4.12768945e-02  3.82352322e-02]",None,None,None,None,None,None,None,None,None,4,None,None
CcYKGxfDxZDS81WC7HGz,"[-1.43814296e-01  6.78653941e-02  6.38205782e-02  4.21146164e-04
 -3.65010165e-02 -7.40681887e-02  6.68627173e-02 -1.07661467e-02
  1.23052105e-01  6.43535145e-03  1.29544139e-01 -6.83502033e-02
 -3.35524231e-01  4.78693917e-02 -9.09627825e-02  3.50294113e-02
 -1.55863523e-01 -3.28821689e-02 -7.48020187e-02 -4.62942272e-02
  1.41794369e-01  8.19881856e-02  3.38565111e-02  7.25812837e-02
 -1.63926810e-01 -2.99567193e-01 -1.22354887e-01 -1.09162904e-01
 -3.11419666e-02 -9.84101668e-02  1.02434810e-02  1.19901970e-01
 -1.62044615e-01 -9.27428082e-02 -5.17723411e-02  1.88717525e-02
  1.08561004e-02 -3.18521746e-02  1.48972169e-01  3.53738368e-02
 -1.10155798e-01 -2.30932608e-04  2.78840773e-02  3.89307886e-01
  1.51528746e-01  1.63638312e-02  2.37701926e-02 -3.85769010e-02
  1.02922343e-01 -2.89876372e-01  1.67537034e-02  1.44330427e-01
  8.03501531e-02  5.21357805e-02  1.06816940e-01 -1.17606357e-01
  6.38128892e-02  1.81824043e-01 -2.25909486e-01  1.98668867e-01
  7.08698854e-02 -6.80636019e-02  3.21902484e-02 -4.89340872e-02
  1.22116722e-01  1.85002107e-02 -9.40020457e-02 -5.64991608e-02
  1.55347228e-01 -1.59829810e-01  1.28110917e-02  1.16529562e-01
 -1.17477514e-01 -2.46896923e-01 -2.28870749e-01  7.84586668e-02
  4.05851752e-01  1.73390672e-01 -1.29317582e-01  5.65929636e-02
 -9.94906947e-02 -1.53318411e-02  1.25786483e-01  2.24571563e-02
 -1.06726468e-01  2.22533643e-02 -1.73116565e-01  1.17642120e-01
  1.84122011e-01  3.02246138e-02 -4.45144847e-02  2.74362326e-01
  3.77260819e-02 -5.56281060e-02  1.01166353e-01  4.99833450e-02
 -1.33076772e-01 -6.95686601e-03 -1.59501106e-01  5.46498448e-02
  7.21867010e-02 -2.15063870e-01 -5.10323122e-02  6.56839460e-02
 -1.22810848e-01  1.13769926e-01 -1.12716220e-02 -2.54647583e-02
 -6.60469681e-02 -7.27946386e-02 -1.61309496e-01  5.57456575e-02
  1.85901761e-01 -2.64668524e-01  1.21005118e-01  1.32974014e-01
 -2.00675018e-02  1.26905277e-01 -2.34817415e-02  5.15349694e-02
 -4.31352556e-02 -3.88370082e-02 -1.43310085e-01 -6.05845824e-02
  1.45696625e-01 -1.80540215e-02  5.71724251e-02 -1.87045094e-02]","[-1.43814296e-01  6.78653941e-02  6.38205782e-02  4.21146164e-04
 -3.65010165e-02 -7.40681887e-02  6.68627173e-02 -1.07661467e-02
  1.23052105e-01  6.43535145e-03  1.29544139e-01 -6.83502033e-02
 -3.35524231e-01  4.78693917e-02 -9.09627825e-02  3.50294113e-02
 -1.55863523e-01 -3.28821689e-02 -7.48020187e-02 -4.62942272e-02
  1.41794369e-01  8.19881856e-02  3.38565111e-02  7.25812837e-02
 -1.63926810e-01 -2.99567193e-01 -1.22354887e-01 -1.09162904e-01
 -3.11419666e-02 -9.84101668e-02  1.02434810e-02  1.19901970e-01
 -1.62044615e-01 -9.27428082e-02 -5.17723411e-02  1.88717525e-02
  1.08561004e-02 -3.18521746e-02  1.48972169e-01  3.53738368e-02
 -1.10155798e-01 -2.30932608e-04  2.78840773e-02  3.89307886e-01
  1.51528746e-01  1.63638312e-02  2.37701926e-02 -3.85769010e-02
  1.02922343e-01 -2.89876372e-01  1.67537034e-02  1.44330427e-01
  8.03501531e-02  5.21357805e-02  1.06816940e-01 -1.17606357e-01
  6.38128892e-02  1.81824043e-01 -2.25909486e-01  1.98668867e-01
  7.08698854e-02 -6.80636019e-02  3.21902484e-02 -4.89340872e-02
  1.22116722e-01  1.85002107e-02 -9.40020457e-02 -5.64991608e-02
  1.55347228e-01 -1.59829810e-01  1.28110917e-02  1.16529562e-01
 -1.17477514e-01 -2.46896923e-01 -2.28870749e-01  7.84586668e-02
  4.05851752e-01  1.73390672e-01 -1.29317582e-01  5.65929636e-02
 -9.94906947e-02 -1.53318411e-02  1.25786483e-01  2.24571563e-02
 -1.06726468e-01  2.22533643e-02 -1.73116565e-01  1.17642120e-01
  1.84122011e-01  3.02246138e-02 -4.45144847e-02  2.74362326e-01
  3.77260819e-02 -5.56281060e-02  1.01166353e-01  4.99833450e-02
 -1.33076772e-01 -6.95686601e-03 -1.59501106e-01  5.46498448e-02
  7.21867010e-02 -2.15063870e-01 -5.10323122e-02  6.56839460e-02
 -1.22810848e-01  1.13769926e-01 -1.12716220e-02 -2.54647583e-02
 -6.60469681e-02 -7.27946386e-02 -1.61309496e-01  5.57456575e-02
  1.85901761e-01 -2.64668524e-01  1.21005118e-01  1.32974014e-01
 -2.00675018e-02  1.26905277e-01 -2.34817415e-02  5.15349694e-02
 -4.31352556e-02 -3.88370082e-02 -1.43310085e-01 -6.05845824e-02
  1.45696625e-01 -1.80540215e-02  5.71724251e-02 -1.87045094e-02]",None,None,None,None,None,None,None,None,None,4,None,None
Недофотканный Игорь Сергеевич,"[-8.04026946e-02  1.33389682e-01  1.35105744e-01 -9.65689644e-02
 -2.51621395e-01 -1.12280659e-02 -6.14086874e-02 -1.46753967e-01
  1.33389086e-01 -1.71918660e-01  2.04414159e-01 -4.02103029e-02
 -2.39104167e-01  8.57337564e-02  3.60315815e-02  1.74174577e-01
 -1.62500396e-01 -1.40192404e-01 -1.06105916e-01 -7.34277144e-02
 -3.52335982e-02  8.07376727e-02  7.04450905e-02  1.09255381e-01
 -1.37658015e-01 -2.98100621e-01 -5.45714945e-02 -1.10643031e-02
  6.42107502e-02 -8.31302553e-02 -6.62446395e-02  1.89182460e-02
 -1.76650271e-01 -3.67074125e-02  1.04603797e-01  1.45236582e-01
 -1.01829425e-01 -1.08329087e-01  1.39891207e-01  6.87347353e-03
 -2.91657299e-01 -2.57703159e-02  7.97289163e-02  2.66572297e-01
  3.10647339e-01  1.70812234e-02  2.17146389e-02 -1.37020454e-01
  1.56963646e-01 -2.70986468e-01  1.46429405e-01  1.04599640e-01
  8.59789401e-02  2.22153403e-03  1.17498256e-01 -1.81430846e-01
 -1.62130501e-03  2.38143608e-01 -1.39717951e-01 -2.10526865e-02
  1.90809190e-01 -5.95138706e-02  1.20211300e-02 -1.03692770e-01
  2.26212263e-01  1.12344980e-01 -1.06686413e-01 -1.89965531e-01
  1.79790094e-01 -1.84816658e-01 -1.20441906e-01  7.74181336e-02
 -1.39998093e-01 -1.26893684e-01 -3.17891926e-01 -1.71102006e-02
  4.14691895e-01  1.80934832e-01 -1.44419864e-01  7.18108192e-03
 -2.48243450e-04  5.66993132e-02  3.26101780e-02  1.53885707e-01
 -6.77295178e-02 -3.28081734e-02 -7.16550574e-02  2.30724774e-02
  1.81245223e-01 -3.84424590e-02  5.29869366e-03  2.32393399e-01
  3.34417298e-02 -7.30515569e-02  7.46638700e-02  1.81329269e-02
 -1.94203213e-01 -2.83538066e-02 -2.18557298e-01 -1.09972507e-01
 -7.16103166e-02 -1.10610481e-02  2.25489121e-02  2.06967697e-01
 -2.72687495e-01  2.14252159e-01 -8.86666402e-02 -3.84649485e-02
  5.11669088e-03 -4.11533825e-02 -3.10085006e-02 -6.93985000e-02
  1.37617931e-01 -2.63867706e-01  7.14257434e-02  1.73781425e-01
  5.90320602e-02  1.32739261e-01  5.79301938e-02  7.35249519e-02
  4.97698747e-02  3.10482308e-02 -1.72398105e-01 -4.77998741e-02
  5.95580898e-02 -1.16978325e-01  5.68497106e-02  4.59151566e-02]","[-8.04026946e-02  1.33389682e-01  1.35105744e-01 -9.65689644e-02
 -2.51621395e-01 -1.12280659e-02 -6.14086874e-02 -1.46753967e-01
  1.33389086e-01 -1.71918660e-01  2.04414159e-01 -4.02103029e-02
 -2.39104167e-01  8.57337564e-02  3.60315815e-02  1.74174577e-01
 -1.62500396e-01 -1.40192404e-01 -1.06105916e-01 -7.34277144e-02
 -3.52335982e-02  8.07376727e-02  7.04450905e-02  1.09255381e-01
 -1.37658015e-01 -2.98100621e-01 -5.45714945e-02 -1.10643031e-02
  6.42107502e-02 -8.31302553e-02 -6.62446395e-02  1.89182460e-02
 -1.76650271e-01 -3.67074125e-02  1.04603797e-01  1.45236582e-01
 -1.01829425e-01 -1.08329087e-01  1.39891207e-01  6.87347353e-03
 -2.91657299e-01 -2.57703159e-02  7.97289163e-02  2.66572297e-01
  3.10647339e-01  1.70812234e-02  2.17146389e-02 -1.37020454e-01
  1.56963646e-01 -2.70986468e-01  1.46429405e-01  1.04599640e-01
  8.59789401e-02  2.22153403e-03  1.17498256e-01 -1.81430846e-01
 -1.62130501e-03  2.38143608e-01 -1.39717951e-01 -2.10526865e-02
  1.90809190e-01 -5.95138706e-02  1.20211300e-02 -1.03692770e-01
  2.26212263e-01  1.12344980e-01 -1.06686413e-01 -1.89965531e-01
  1.79790094e-01 -1.84816658e-01 -1.20441906e-01  7.74181336e-02
 -1.39998093e-01 -1.26893684e-01 -3.17891926e-01 -1.71102006e-02
  4.14691895e-01  1.80934832e-01 -1.44419864e-01  7.18108192e-03
 -2.48243450e-04  5.66993132e-02  3.26101780e-02  1.53885707e-01
 -6.77295178e-02 -3.28081734e-02 -7.16550574e-02  2.30724774e-02
  1.81245223e-01 -3.84424590e-02  5.29869366e-03  2.32393399e-01
  3.34417298e-02 -7.30515569e-02  7.46638700e-02  1.81329269e-02
 -1.94203213e-01 -2.83538066e-02 -2.18557298e-01 -1.09972507e-01
 -7.16103166e-02 -1.10610481e-02  2.25489121e-02  2.06967697e-01
 -2.72687495e-01  2.14252159e-01 -8.86666402e-02 -3.84649485e-02
  5.11669088e-03 -4.11533825e-02 -3.10085006e-02 -6.93985000e-02
  1.37617931e-01 -2.63867706e-01  7.14257434e-02  1.73781425e-01
  5.90320602e-02  1.32739261e-01  5.79301938e-02  7.35249519e-02
  4.97698747e-02  3.10482308e-02 -1.72398105e-01 -4.77998741e-02
  5.95580898e-02 -1.16978325e-01  5.68497106e-02  4.59151566e-02]",None,None,None,None,None,None,None,None,None,3,None,None
N0cBYuB0m9DwzsIjWeWr,"[ 3.42026241e-02  8.72876197e-02  1.05503239e-02 -8.45884979e-02
 -2.49804586e-01  4.28805202e-02 -2.97055319e-02 -6.37490898e-02
  2.23620921e-01 -1.30902275e-01  1.45391867e-01 -5.56683727e-03
 -1.75851762e-01  2.06586942e-02 -5.26195988e-02  1.18549302e-01
 -1.48547634e-01 -2.12849066e-01 -6.83768168e-02 -8.22564214e-02
 -6.57330751e-02  7.65651390e-02 -3.67900841e-02  4.40640822e-02
 -1.59767210e-01 -3.73821080e-01 -9.27057937e-02 -9.21205431e-02
  2.51726583e-02 -8.95510390e-02  1.54151479e-02  1.62818074e-01
 -1.60611451e-01  2.82694586e-03  1.96656957e-02  1.09914392e-02
 -1.19647354e-01 -2.96123773e-02  2.40901262e-01  1.26254931e-01
 -2.23445043e-01  1.14909094e-02  3.71864401e-02  2.85582155e-01
  2.19193488e-01 -3.53633687e-02  7.65133873e-02 -5.64334542e-02
  1.47225678e-01 -2.47360781e-01  1.41802877e-01  2.42600814e-01
  6.69579059e-02  6.98598027e-02  1.10008344e-01 -1.04904532e-01
 -5.32433242e-02  1.40637547e-01 -1.62884071e-01  6.01776429e-02
  8.51660818e-02  2.00765859e-02 -4.95799296e-02 -5.10093160e-02
  1.77391663e-01  1.06818721e-01 -4.47028652e-02 -1.97800398e-01
  1.83626443e-01 -1.84959367e-01 -1.31418854e-01  7.74510726e-02
 -1.40788585e-01 -1.66666463e-01 -2.47577325e-01  7.35206828e-02
  4.28790867e-01  1.51829600e-01 -8.82444605e-02  5.94134405e-02
 -3.78189422e-02 -1.20623678e-01  4.43880782e-02  3.77607979e-02
 -8.31498131e-02 -3.65597606e-02 -5.66286258e-02  1.00765966e-01
  2.27249727e-01 -1.10128801e-02 -5.61520420e-02  1.99036032e-01
  5.80102205e-05  3.80215701e-03  3.05172987e-02  4.91170920e-02
 -9.81764644e-02  2.79230047e-02 -1.60543591e-01 -4.13159579e-02
  3.76860946e-02 -8.06702115e-03 -5.14121242e-02  1.08959481e-01
 -1.58684701e-01  2.18059331e-01 -2.93526836e-02 -3.73767316e-02
 -1.00859605e-01 -3.10585126e-02 -1.46244019e-01  1.31982490e-02
  2.08380416e-01 -2.07910255e-01  1.73471048e-01  5.03032431e-02
  2.61961147e-02  1.20834582e-01  9.91553366e-02 -2.86329202e-02
  1.53701296e-02 -1.27128333e-01 -1.76049575e-01 -7.46657178e-02
  7.47621879e-02 -2.43598856e-02  2.14319658e-02  5.05363829e-02]","[ 3.42026241e-02  8.72876197e-02  1.05503239e-02 -8.45884979e-02
 -2.49804586e-01  4.28805202e-02 -2.97055319e-02 -6.37490898e-02
  2.23620921e-01 -1.30902275e-01  1.45391867e-01 -5.56683727e-03
 -1.75851762e-01  2.06586942e-02 -5.26195988e-02  1.18549302e-01
 -1.48547634e-01 -2.12849066e-01 -6.83768168e-02 -8.22564214e-02
 -6.57330751e-02  7.65651390e-02 -3.67900841e-02  4.40640822e-02
 -1.59767210e-01 -3.73821080e-01 -9.27057937e-02 -9.21205431e-02
  2.51726583e-02 -8.95510390e-02  1.54151479e-02  1.62818074e-01
 -1.60611451e-01  2.82694586e-03  1.96656957e-02  1.09914392e-02
 -1.19647354e-01 -2.96123773e-02  2.40901262e-01  1.26254931e-01
 -2.23445043e-01  1.14909094e-02  3.71864401e-02  2.85582155e-01
  2.19193488e-01 -3.53633687e-02  7.65133873e-02 -5.64334542e-02
  1.47225678e-01 -2.47360781e-01  1.41802877e-01  2.42600814e-01
  6.69579059e-02  6.98598027e-02  1.10008344e-01 -1.04904532e-01
 -5.32433242e-02  1.40637547e-01 -1.62884071e-01  6.01776429e-02
  8.51660818e-02  2.00765859e-02 -4.95799296e-02 -5.10093160e-02
  1.77391663e-01  1.06818721e-01 -4.47028652e-02 -1.97800398e-01
  1.83626443e-01 -1.84959367e-01 -1.31418854e-01  7.74510726e-02
 -1.40788585e-01 -1.66666463e-01 -2.47577325e-01  7.35206828e-02
  4.28790867e-01  1.51829600e-01 -8.82444605e-02  5.94134405e-02
 -3.78189422e-02 -1.20623678e-01  4.43880782e-02  3.77607979e-02
 -8.31498131e-02 -3.65597606e-02 -5.66286258e-02  1.00765966e-01
  2.27249727e-01 -1.10128801e-02 -5.61520420e-02  1.99036032e-01
  5.80102205e-05  3.80215701e-03  3.05172987e-02  4.91170920e-02
 -9.81764644e-02  2.79230047e-02 -1.60543591e-01 -4.13159579e-02
  3.76860946e-02 -8.06702115e-03 -5.14121242e-02  1.08959481e-01
 -1.58684701e-01  2.18059331e-01 -2.93526836e-02 -3.73767316e-02
 -1.00859605e-01 -3.10585126e-02 -1.46244019e-01  1.31982490e-02
  2.08380416e-01 -2.07910255e-01  1.73471048e-01  5.03032431e-02
  2.61961147e-02  1.20834582e-01  9.91553366e-02 -2.86329202e-02
  1.53701296e-02 -1.27128333e-01 -1.76049575e-01 -7.46657178e-02
  7.47621879e-02 -2.43598856e-02  2.14319658e-02  5.05363829e-02]",None,None,None,None,None,None,None,None,None,1,None,None
3jUGb98UARl5256LarnR,"[-0.06479505  0.01745153  0.08713517 -0.14637518 -0.13552982 -0.04425769
  0.02555828 -0.08840287  0.09944016 -0.0849039   0.18088259 -0.04157614
 -0.24484196  0.01320836 -0.00371269  0.15766197 -0.15310247 -0.19255257
 -0.03509308 -0.03803543  0.00772454  0.05468069  0.00390696  0.10879102
 -0.12874672 -0.34993058 -0.04974421 -0.03620887 -0.1468814  -0.00900734
  0.01010751  0.23806493 -0.19318339 -0.00182602  0.06310562  0.1354883
 -0.04350107 -0.02780413  0.24537201  0.09459831 -0.2568956   0.01436989
  0.08631866  0.3657141   0.17784394 -0.06620055 -0.02227506  0.05722613
  0.10927607 -0.31268495  0.02726403  0.19916789  0.04702789  0.04313487
  0.05179516 -0.04095199  0.0657972   0.11151387 -0.24961677  0.00950825
  0.0613848  -0.26438549  0.0108918  -0.15215032  0.1969445   0.09254605
 -0.09334254 -0.0846884   0.08701199 -0.10967506 -0.11393667  0.05090488
 -0.19494218 -0.15961544 -0.28908297  0.03145164  0.29375601  0.13783911
 -0.13544567  0.11045609 -0.00661868 -0.02338248  0.08727165  0.11472444
  0.05692693  0.08351471 -0.06657711  0.10869684  0.17735693 -0.04719593
 -0.03631473  0.28248012 -0.03354643 -0.01180352  0.08012266  0.05664787
 -0.01283832 -0.01858589 -0.20748617  0.05430854 -0.02023998 -0.07944467
  0.01233052  0.06015202 -0.22102763  0.07500231 -0.0430722  -0.02114434
 -0.06757278 -0.06574411 -0.06968931 -0.05850408  0.09075506 -0.29099098
  0.14955316  0.16381353 -0.06076316  0.1129562  -0.00966867 -0.03584622
 -0.05110557 -0.10545517 -0.12403315 -0.06626841  0.15805234  0.06996839
  0.08457178  0.03691703]","[-0.06479505  0.01745153  0.08713517 -0.14637518 -0.13552982 -0.04425769
  0.02555828 -0.08840287  0.09944016 -0.0849039   0.18088259 -0.04157614
 -0.24484196  0.01320836 -0.00371269  0.15766197 -0.15310247 -0.19255257
 -0.03509308 -0.03803543  0.00772454  0.05468069  0.00390696  0.10879102
 -0.12874672 -0.34993058 -0.04974421 -0.03620887 -0.1468814  -0.00900734
  0.01010751  0.23806493 -0.19318339 -0.00182602  0.06310562  0.1354883
 -0.04350107 -0.02780413  0.24537201  0.09459831 -0.2568956   0.01436989
  0.08631866  0.3657141   0.17784394 -0.06620055 -0.02227506  0.05722613
  0.10927607 -0.31268495  0.02726403  0.19916789  0.04702789  0.04313487
  0.05179516 -0.04095199  0.0657972   0.11151387 -0.24961677  0.00950825
  0.0613848  -0.26438549  0.0108918  -0.15215032  0.1969445   0.09254605
 -0.09334254 -0.0846884   0.08701199 -0.10967506 -0.11393667  0.05090488
 -0.19494218 -0.15961544 -0.28908297  0.03145164  0.29375601  0.13783911
 -0.13544567  0.11045609 -0.00661868 -0.02338248  0.08727165  0.11472444
  0.05692693  0.08351471 -0.06657711  0.10869684  0.17735693 -0.04719593
 -0.03631473  0.28248012 -0.03354643 -0.01180352  0.08012266  0.05664787
 -0.01283832 -0.01858589 -0.20748617  0.05430854 -0.02023998 -0.07944467
  0.01233052  0.06015202 -0.22102763  0.07500231 -0.0430722  -0.02114434
 -0.06757278 -0.06574411 -0.06968931 -0.05850408  0.09075506 -0.29099098
  0.14955316  0.16381353 -0.06076316  0.1129562  -0.00966867 -0.03584622
 -0.05110557 -0.10545517 -0.12403315 -0.06626841  0.15805234  0.06996839
  0.08457178  0.03691703]",None,None,None,None,None,None,None,None,None,3,None,None
